2010010245 
2010010246 
2010010247 
2010010248 
2010010249 
2010010250 
2010010251 
2010010252 
2012010111 
2012040209 
2012040210 
2012040211 
2012040212 
2012040213 
2012050221 
2012120109 
2012120110 
2012120111 
2012130105 
2012130106 
2012130107 
2020050114 
2020050115 
2020050116 
2020050117 
2020180338 
2020180339 
2020180340 
2020180341 
2020180342 
2020180343 
2020580104 
2020580105 
2020640218 
2020640219 
2020640220 
2020660110 
2030150130 
2030150131 
2030150132 
2030160131 
2030160132 
2030160133 
2030160134 
2033180110 
2033180111 
2033180112 
2033280130 
2033280131 
2033280132 
2033280133 
2033280134 
2033300106 
2050070114 
2050300130 
2050440109 
2050440110 
2050440111 
2050440112 
2050440113 
2050470110 
2050470111 
2050470112 
2060010407 
2060010408 
2060010409 
2060010410 
2060020408 
2060020409 
2060020410 
2060020411 
2060020412 
2060020413 
2060020414 
2060020415 
2060020416 
2060020417 
2060020418 
2060020419 
2060060396 
2060060397 
2060060398 
2060060399 
2060060401 
2060060402 
2060060403 
2060060404 
2060060405 
2060060406 
2060060407 
2060060408 
2060230101 
2060230102 
2060230103 
2060230104 
2060310246 
2060310247 
2060310248 
2070010338 
2070020434 
2070020435 
2070020436 
2070020437 
2070020438 
2070030319 
2070030320 
2070030321 
2070030322 
2070030323 
2070030324 
2070060139 
2070060140 
2070060141 
2070060142 
2070060143 
2070060144 
2070060145 
2100020260 
2100020261 
2100020262 
2100020263 
2100020264 
2100020265 
2100020266 
2101010105 
2101010106 
2101010107 
2105010111 
2105010112 
2105010113 
2105010114 
2105010115 
2105010116 
2105010117 
2112010121 
2142010138 
2142010139 
2142010140 
2142010141 
2142010142 
2142010143 
2200190264 
2200190265 
2200190266 
2200190267 
2200190268 
2200190269 
2200370153 
2200370154 
2200370155 
2200370156 
2200370157 
2200370158 
2200370159 
2200370160 
2200370161 
2200370162 
2200370163 
2200400138 
2200400139 
2200400140 
2200400141 
2200500158 
2200500159 
2200500160 
2200500161 
2200500162 
2200500163 
2200500164 
2200500165 
2200530169 
2200530170 
2200530171 
2200530172 
2200530173 
2200530174 
2200530175 
2200530176 
2200530177 
2200530178 
2200530179 
2200550143 
2200550144 
2200550145 
2200550146 
2200550147 
2200550148 
2200550149 
2200560122 
2200560123 
2200560124 
2200570145 
2200570146 
2200570147 
2200570148 
2200570149 
2200570150 
2200730120 
2300010107 
2300010108 
2300050119 
2300050120 
2300080110 
2300090108 
2300090109 
2300090110 
2300090111 
2300090112 
2506010201 
2506010202 
2511010501 
2515010601 
2518014201 
2518014601 
2518014701 
2518014801 
2518014802 
2518014901 
2518014902 
2518014903 
2518015001 
2518015101 
2527010115 
2527010116 
2527010117 
2527010118 
2527010119 
2527010120 
2535011601 
2535011701 
2535011801 
2535011901 
2535012001 
2535012101 
2535012201 
2535012301 
2535012401 
2535012501 
2535012601 
2542010301 
2553030201 
2553030202 
2553030203 
2579010901 
2579010902 
2579011001 
2579011002 
2579030201 
2579030202 
2579030203 
2579030204 
2579050501 
2579050502 
2579050503 
2579050504 
2579050505 
2579050506 
2579050507 
2585020401 
2585020501 
2585040103 
2587020101 
2587020102 
2596011707 
2596011708 
2596011901 
2596011902 
2596011903 
2596011904 
2596011905 
2596012001 
2596012002 
2596012003 
2596012004 
2596012005 
2596012006 
2598020901 
2598030901 
2598031001 
2598041001 
2598051001 
2598061001 
2602011902 
2602012001 
2602012101 
2602012201 
2602012301 
2602012302 
2602012401 
2602012501 
2602012601 
2604010101 
2604010102 
2604010103 
2606010501 
2606010502 
2612011801 
2612011901 
2626010901 
