 -57.         -17.32308135
 -56.         -17.25043843
 -54.         -16.80938773
 -53.         -16.76681721
 -47.59444587 -17.32692308
 -46.         -17.79522391
 -42.64835478 -18.31730769
 -42.         -18.51515123
 -40.         -19.51887839
 -38.         -20.02288577
 -35.         -21.81758648
 -34.         -22.57601087
 -33.         -23.44097116
 -31.         -24.61213023
 -27.98129233 -26.24038462
 -26.87032111 -27.23076923
 -26.         -28.31490182
 -25.         -29.31770051
 -24.51651451 -30.20192308
 -24.56276499 -31.19230769
 -25.         -32.33795849
 -25.4350534  -33.17307692
 -26.47697113 -34.16346154
 -27.         -34.50423224
 -32.         -36.65857297
 -36.         -37.74745592
 -38.07296807 -38.125     
 -41.         -39.29634098
 -42.49447943 -39.11538462
 -43.         -39.01579943
 -47.         -39.05171884
 -49.         -38.81182708
 -50.         -38.63958806
 -52.         -38.45196207
 -54.         -37.76739661
 -56.22467364 -37.13461538
 -57.         -36.83822847
 -59.         -35.75255022
 -60.         -35.07703428
 -63.26397495 -32.18269231
 -65.         -30.0401191 
 -65.29563383 -29.21153846
 -65.54500933 -27.23076923
 -65.95978837 -25.25      
 -65.93830478 -24.25961538
 -65.63060048 -23.26923077
 -63.47940435 -20.29807692
 -60.         -17.73442104
 -59.         -17.44340043
 -57.         -17.32308135
 -57.         -17.32308135
